348 278 1 
348 278 1 2 
348 278 1 3 
348 278 1 4 
348 278 1 5 
348 270 824 316 6 
348 608 995 7 
348 270 807 756 8 
348 270 130 56 9 
348 608 828 10 
348 278 1 4 11 
348 607 96 12 
348 947 377 13 
348 649 14 
348 270 91 15 
348 649 297 16 
348 459 356 17 
348 649 435 18 
348 278 1 19 
348 649 14 20 
348 278 1 21 
348 355 908 22 
348 459 718 23 
348 704 24 
348 355 616 25 
348 459 329 26 
348 649 14 27 
348 742 28 
348 355 58 29 
348 270 994 563 30 
348 914 66 31 
348 270 493 991 32 
348 270 130 727 33 
348 355 229 34 
348 704 847 35 
348 459 770 36 
348 270 91 15 37 
348 914 38 
348 270 923 39 
348 355 58 40 
348 655 481 41 
348 607 75 42 
348 649 43 
348 608 828 44 
348 270 347 963 45 
348 278 1 46 
348 947 868 47 
348 704 660 48 
348 270 824 341 49 
348 742 512 50 
348 655 983 51 
348 655 481 52 
348 270 493 138 53 
348 704 380 54 
348 355 246 55 
348 270 130 56 
348 704 24 57 
348 355 58 
348 608 719 59 
348 270 923 39 60 
348 270 709 61 
348 278 663 403 62 
348 459 237 63 
348 649 298 64 
348 704 660 65 
348 914 66 
348 459 156 67 
348 607 75 313 68 
348 355 58 69 
348 278 1 70 
348 355 323 71 
348 608 160 72 
348 270 807 924 73 
348 459 74 
348 607 75 
348 607 892 76 
348 649 129 77 
348 270 493 138 78 
348 649 711 79 
348 704 395 80 
348 948 401 81 
348 655 230 82 
348 270 130 727 83 
348 608 95 84 
348 948 911 85 
348 278 1 874 86 
348 270 91 443 87 
348 278 226 88 
348 270 130 559 89 
348 947 377 90 
348 270 91 
348 278 546 604 92 
348 355 229 384 93 
348 270 923 94 
348 608 95 
348 607 96 
348 607 191 97 
348 270 91 98 
348 278 165 799 99 
348 278 226 100 
348 459 629 381 101 
348 355 908 580 102 
348 783 831 103 
348 607 75 104 
348 742 105 
348 704 997 106 
348 270 91 98 107 
348 459 156 108 
348 704 847 109 
348 278 745 110 
348 270 493 937 111 
348 270 807 735 112 
348 607 870 113 
348 278 745 114 
348 355 908 311 115 
348 355 794 116 
348 914 38 117 
348 270 824 617 118 
348 270 91 119 
348 278 165 120 
348 270 91 121 
348 742 122 
348 459 943 123 
348 270 807 317 124 
348 278 747 125 
348 355 58 126 
348 742 28 127 
348 948 744 128 
348 649 129 
348 270 130 
348 355 633 131 
348 278 226 132 
348 649 43 133 
348 278 165 134 
348 278 546 135 
348 270 807 136 
348 948 408 137 
348 270 493 138 
348 607 894 139 
348 947 271 140 
348 270 130 559 141 
348 742 28 142 
348 459 770 143 
348 608 844 144 
348 649 390 145 
348 270 697 295 146 
348 914 147 
348 355 616 148 
348 459 356 149 
348 742 150 
348 459 943 670 151 
348 278 621 152 
348 742 150 153 
348 270 709 154 
348 459 356 155 
348 459 156 
348 783 235 157 
348 459 629 158 
348 742 28 159 
348 608 160 
348 607 176 161 
348 278 226 162 
348 459 718 163 
348 655 310 164 
348 278 165 
348 742 105 166 
348 655 850 167 
348 278 226 632 168 
348 783 558 169 
348 355 276 763 170 
348 459 156 171 
348 607 894 172 
348 459 943 173 
348 355 229 174 
348 704 380 175 
348 607 176 
348 270 91 500 177 
348 649 390 178 
348 608 265 179 
348 704 24 180 
348 948 408 181 
348 355 323 182 
348 278 1 183 
348 278 621 184 
348 278 1 21 185 
348 655 681 186 
348 655 547 187 
348 270 824 617 188 
348 704 257 189 
348 270 91 119 190 
348 607 191 
348 649 390 192 
348 270 697 336 193 
348 270 824 617 194 
348 278 1 2 195 
348 270 91 883 196 
348 270 709 197 
348 607 96 12 198 
348 649 435 199 
348 355 781 200 
348 742 150 201 
348 459 74 202 
348 270 697 203 
348 270 91 121 204 
348 649 43 205 
348 704 24 206 
348 608 719 207 
348 649 385 208 
348 278 747 209 
348 742 122 210 
348 355 276 211 
348 278 546 840 212 
348 704 710 213 
348 278 165 214 
348 655 230 425 215 
348 459 356 216 
348 278 1 19 217 
348 278 165 218 
348 704 710 219 
348 704 997 220 
348 607 191 221 
348 270 824 222 
348 270 807 317 223 
348 459 74 224 
348 278 1 46 225 
348 278 226 
348 655 547 227 
348 270 994 563 228 
348 355 229 
348 655 230 
348 459 943 231 
348 947 232 
348 655 481 233 
348 649 234 
348 783 235 
348 459 156 236 
348 459 237 
348 270 709 238 
348 355 908 239 
348 948 911 240 
348 742 150 241 
348 278 165 242 
348 278 165 120 243 
348 607 75 244 
348 270 347 963 245 
348 355 246 
348 608 265 247 
348 355 794 248 
348 459 943 249 
348 278 1 70 250 
348 270 697 251 
348 649 922 252 
348 270 824 253 
348 947 802 254 
348 607 870 255 
348 278 621 261 256 
348 704 257 
348 649 854 258 
348 783 603 259 
348 270 697 295 260 
348 278 621 261 
348 914 147 262 
348 355 616 263 
348 270 493 264 
348 608 265 
348 783 603 266 
348 914 391 267 
348 355 229 268 
348 649 298 269 
348 270 
348 947 271 
348 742 150 272 
348 459 718 273 
348 649 129 274 
348 649 922 275 
348 355 276 
348 270 493 277 
348 278 
348 655 936 279 
348 278 165 120 280 
348 914 66 281 
348 608 929 282 
348 607 870 283 
348 270 697 473 284 
348 355 58 29 285 
348 270 130 638 286 
348 914 676 287 
348 355 781 288 
348 459 356 155 289 
348 914 290 
348 278 546 604 291 
348 270 807 292 
348 947 377 293 
348 355 58 294 
348 270 697 295 
348 914 66 296 
348 649 297 
348 649 298 
348 607 75 299 
348 270 697 300 
348 742 150 301 
348 270 923 94 302 
348 914 290 303 
348 742 716 304 
348 270 130 988 305 
348 459 74 306 
348 914 290 307 
348 649 43 308 
348 459 718 309 
348 655 310 
348 355 908 311 
348 655 989 312 
348 607 75 313 
348 355 781 314 
348 914 147 315 
348 270 824 316 
348 270 807 317 
348 947 318 
348 649 435 319 
348 649 435 320 
348 278 226 321 
348 278 1 874 322 
348 355 323 
348 270 130 638 324 
348 270 91 376 325 
348 270 807 924 326 
348 270 91 443 327 
348 278 226 328 
348 459 329 
348 655 547 330 
348 270 824 253 331 
348 355 246 332 
348 914 333 
348 355 58 741 334 
348 355 794 335 
348 270 697 336 
348 607 191 337 
348 459 74 306 338 
348 270 91 462 339 
348 459 237 340 
348 270 824 341 
348 947 232 342 
348 948 960 343 
348 270 697 344 
348 278 1 345 
348 270 347 346 
348 270 347 
348 
348 270 130 349 
348 270 697 336 350 
348 355 794 351 
348 655 842 352 
348 278 1 353 
348 649 354 
348 355 
348 459 356 
348 459 770 357 
348 649 385 358 
348 608 160 359 
348 742 360 
348 459 74 361 
348 947 362 
348 948 958 363 
348 914 364 
348 355 908 365 
348 278 1 366 
348 655 989 367 
348 459 156 368 
348 278 1 369 
348 742 645 370 
348 783 558 371 
348 270 824 617 372 
348 459 718 373 
348 278 226 374 
348 783 831 375 
348 270 91 376 
348 947 377 
348 270 130 909 378 
348 608 160 379 
348 704 380 
348 459 629 381 
348 459 356 382 
348 607 176 383 
348 355 229 384 
348 649 385 
348 355 276 386 
348 355 276 387 
348 914 838 388 
348 270 91 462 389 
348 649 390 
348 914 391 
348 742 926 392 
348 607 892 393 
348 947 394 
348 704 395 
348 270 493 991 396 
348 914 66 397 
348 355 246 398 
348 459 629 399 
348 649 385 400 
348 948 401 
348 355 616 25 402 
348 278 663 403 
348 270 91 98 404 
348 607 191 405 
348 355 460 406 
348 608 929 407 
348 948 408 
348 270 709 409 
348 459 629 410 
348 459 356 411 
348 270 493 652 412 
348 355 323 413 
348 704 24 414 
348 742 360 415 
348 608 828 416 
348 649 711 417 
348 459 629 418 
348 278 663 419 
348 783 849 420 
348 914 676 421 
348 459 156 422 
348 742 926 423 
348 914 290 424 
348 655 230 425 
348 459 356 426 
348 704 24 427 
348 608 428 
348 355 323 429 
348 607 96 430 
348 914 333 431 
348 459 74 627 432 
348 459 433 
348 459 329 434 
348 649 435 
348 649 234 436 
348 278 546 437 
348 270 347 766 438 
348 783 831 439 
348 655 842 440 
348 742 716 441 
348 355 794 442 
348 270 91 443 
348 278 1 345 444 
348 947 445 
348 270 130 508 446 
348 914 838 812 447 
348 608 929 448 
348 355 800 449 
348 355 323 450 
348 608 428 451 
348 655 681 452 
348 270 994 453 
348 355 633 454 
348 914 455 
348 270 91 98 456 
348 742 512 457 
348 270 91 376 458 
348 459 
348 355 460 
348 278 1 353 461 
348 270 91 462 
348 355 460 463 
348 278 621 261 464 
348 655 481 465 
348 914 333 466 
348 947 802 467 
348 270 91 119 468 
348 742 105 469 
348 649 298 470 
348 270 697 792 471 
348 783 235 472 
348 270 697 473 
348 608 995 749 474 
348 355 616 475 
348 608 929 476 
348 355 460 477 
348 947 377 478 
348 704 847 479 
348 459 356 557 480 
348 655 481 
348 270 697 203 482 
348 649 711 483 
348 742 588 484 
348 355 794 485 
348 947 620 486 
-1
348 278 165 488 
348 649 922 489 
348 742 801 490 
348 355 616 263 491 
348 355 323 653 492 
348 270 493 
348 278 1 46 494 
348 947 620 495 
348 608 929 448 496 
348 783 558 497 
348 742 122 498 
348 655 983 499 
348 270 91 500 
348 655 547 501 
348 655 681 502 
348 278 1 635 503 
348 655 681 504 
348 278 226 328 505 
348 914 542 506 
348 649 854 507 
348 270 130 508 
348 914 333 509 
348 278 226 510 
348 278 747 125 511 
348 742 512 
348 278 1 513 
348 947 445 514 
348 278 546 515 
348 270 697 473 516 
348 270 709 517 
348 947 445 518 
348 608 428 519 
348 742 512 520 
348 270 91 15 521 
348 278 226 981 522 
348 278 747 566 523 
348 742 360 524 
348 914 391 525 
348 270 347 963 526 
348 783 527 
348 607 96 528 
348 355 616 529 
348 459 629 530 
348 278 226 100 531 
348 355 246 532 
348 270 347 668 533 
348 948 958 534 
348 608 265 535 
348 649 129 77 536 
348 278 663 419 537 
348 355 616 538 
348 608 828 539 
348 649 298 540 
348 270 130 541 
348 914 542 
348 270 709 197 543 
348 783 603 544 
348 278 226 328 545 
348 278 546 
348 655 547 
348 355 800 548 
348 742 716 549 
348 355 794 550 
348 278 745 551 
348 742 645 552 
348 270 709 197 553 
348 649 711 554 
348 459 329 555 
348 655 230 556 
348 459 356 557 
348 783 558 
348 270 130 559 
348 459 356 560 
348 270 807 735 561 
348 704 395 562 
348 270 994 563 
348 278 1 635 564 
348 459 329 565 
348 278 747 566 
348 270 697 567 
348 655 983 568 
348 649 435 569 
348 278 663 570 
348 270 91 883 571 
348 649 43 572 
348 649 390 573 
348 649 43 574 
348 355 781 314 575 
348 607 75 576 
348 742 105 577 
348 608 929 707 578 
348 649 297 579 
348 355 908 580 
348 607 176 581 
348 270 91 895 582 
348 270 347 583 
348 270 347 668 584 
348 270 709 197 585 
348 270 130 586 
348 914 147 587 
348 742 588 
348 947 589 
348 948 590 
348 783 864 591 
348 608 95 592 
348 459 356 593 
348 459 943 594 
348 607 892 595 
348 459 433 596 
348 649 435 597 
348 278 546 437 598 
348 649 297 599 
348 783 818 600 
348 459 74 601 
348 704 660 602 
348 783 603 
348 278 546 604 
348 278 745 605 
348 649 435 606 
348 607 
348 608 
348 704 257 609 
348 607 176 383 610 
348 270 91 443 611 
348 947 318 612 
348 355 246 969 613 
348 270 493 264 614 
348 270 91 659 615 
348 355 616 
348 270 824 617 
348 270 807 618 
348 608 828 619 
348 947 620 
348 278 621 
348 742 716 622 
348 270 91 443 623 
348 278 546 437 624 
348 270 91 769 625 
348 270 824 253 626 
348 459 74 627 
348 270 923 94 628 
348 459 629 
348 278 546 437 630 
348 270 347 761 631 
348 278 226 632 
348 355 633 
348 278 165 634 
348 278 1 635 
348 270 91 15 636 
348 270 994 563 637 
348 270 130 638 
348 270 130 638 639 
348 459 433 935 640 
348 655 983 641 
348 607 96 642 
348 278 1 643 
348 459 629 644 
348 742 645 
348 742 105 646 
348 655 842 647 
348 270 91 648 
348 649 
348 355 323 650 
348 355 58 294 651 
348 270 493 652 
348 355 323 653 
348 914 333 654 
348 655 
348 278 745 773 656 
348 270 91 500 657 
348 704 660 658 
348 270 91 659 
348 704 660 
348 355 616 25 661 
348 270 130 508 662 
348 278 663 
348 459 329 664 
348 459 770 665 
348 355 616 475 666 
348 278 165 214 667 
348 270 347 668 
348 270 91 462 669 
348 459 943 670 
348 947 377 671 
348 270 130 586 672 
348 459 718 673 
348 270 130 541 674 
348 270 923 675 
348 914 676 
348 649 677 
348 649 43 678 
348 270 697 203 679 
348 270 994 453 680 
348 655 681 
348 742 360 682 
348 459 237 683 
348 270 807 618 684 
348 655 798 685 
348 270 824 341 686 
348 947 868 687 
348 278 745 605 688 
348 270 130 508 689 
348 914 364 690 
348 270 91 659 691 
348 355 246 692 
348 278 226 693 
348 270 130 508 694 
348 278 1 4 695 
348 278 1 5 696 
348 270 697 
348 914 391 698 
348 459 329 699 
348 270 709 238 700 
348 608 995 701 
348 742 588 702 
348 704 380 703 
348 704 
348 608 265 247 705 
348 649 711 706 
348 608 929 707 
348 742 512 708 
348 270 709 
348 704 710 
348 649 711 
348 655 798 712 
348 278 165 713 
348 270 824 222 714 
348 649 14 715 
348 742 716 
348 355 616 717 
348 459 718 
348 608 719 
348 278 226 88 720 
348 704 257 841 721 
348 355 323 413 722 
348 459 943 723 
348 459 329 724 
348 608 160 725 
348 355 794 726 
348 270 130 727 
348 278 1 5 728 
348 649 14 729 
348 914 391 730 
348 270 493 277 731 
348 270 807 732 
348 914 391 733 
348 649 390 734 
348 270 807 735 
348 655 547 736 
348 608 265 737 
348 459 943 738 
348 608 428 739 
348 355 229 740 
348 355 58 741 
348 742 
348 355 616 743 
348 948 744 
348 278 745 
348 459 433 746 
348 278 747 
348 278 165 218 748 
348 608 995 749 
348 270 709 61 750 
348 270 91 462 751 
348 270 697 473 752 
348 270 807 753 
348 355 794 726 754 
348 608 719 755 
348 270 807 756 
348 270 697 295 757 
348 655 230 758 
348 278 1 3 759 
348 607 176 760 
348 270 347 761 
348 608 844 762 
348 355 276 763 
348 704 24 764 
348 278 226 374 765 
348 270 347 766 
348 270 91 121 767 
348 704 24 768 
348 270 91 769 
348 459 770 
348 355 794 248 771 
348 947 772 
348 278 745 773 
348 649 14 774 
348 270 807 775 
348 742 122 776 
348 948 911 777 
348 278 745 605 778 
348 270 709 197 779 
348 270 697 300 780 
348 355 781 
348 649 677 782 
348 783 
348 355 229 946 784 
348 914 38 785 
348 607 176 383 786 
348 783 787 
348 278 621 261 788 
348 278 747 789 
348 948 744 790 
348 278 226 791 
348 270 697 792 
348 649 354 793 
348 355 794 
348 914 364 795 
348 608 828 796 
348 947 589 797 
348 655 798 
348 278 165 799 
348 355 800 
348 742 801 
348 947 802 
348 278 226 374 803 
348 355 616 804 
348 704 660 805 
348 608 995 942 806 
348 270 807 
348 278 1 2 808 
348 355 246 55 809 
348 278 165 134 810 
348 649 390 811 
348 914 838 812 
348 270 347 963 813 
348 459 356 560 814 
348 355 246 332 815 
348 270 91 462 816 
348 914 290 817 
348 783 818 
348 704 660 819 
348 742 801 820 
348 270 697 792 821 
348 278 747 822 
348 649 711 823 
348 270 824 
348 783 235 825 
348 783 864 826 
348 742 105 827 
348 608 828 
348 655 681 829 
348 270 130 830 
348 783 831 
348 270 807 832 
348 278 747 833 
348 914 391 834 
348 355 323 835 
348 914 364 836 
348 783 876 837 
348 914 838 
348 649 298 839 
348 278 546 840 
348 704 257 841 
348 655 842 
348 270 347 766 843 
348 608 844 
348 742 588 845 
348 278 621 846 
348 704 847 
348 655 983 848 
348 783 849 
348 655 850 
348 607 894 851 
348 270 130 559 852 
348 270 91 895 853 
348 649 854 
348 783 818 855 
348 270 807 756 856 
348 270 697 300 857 
348 278 747 858 
348 459 770 859 
348 459 74 860 
348 270 697 300 861 
348 655 842 862 
348 459 433 863 
348 783 864 
348 649 298 865 
348 608 265 866 
348 270 130 559 867 
348 947 868 
348 655 936 869 
348 607 870 
348 278 1 4 871 
348 649 922 872 
348 608 428 519 873 
348 278 1 874 
348 270 807 317 875 
348 783 876 
348 355 794 877 
348 270 709 238 878 
348 607 191 879 
348 355 781 880 
348 655 983 881 
348 278 226 162 882 
348 270 91 883 
348 742 645 884 
348 649 711 885 
348 914 364 886 
348 649 298 887 
348 355 58 40 888 
348 459 629 530 889 
348 742 930 890 
348 947 772 891 
348 607 892 
348 355 246 893 
348 607 894 
348 270 91 895 
348 607 191 896 
348 649 854 897 
348 947 362 898 
348 459 74 899 
348 607 191 900 
348 704 395 901 
348 459 433 902 
348 355 246 332 903 
348 278 745 904 
348 355 908 905 
348 270 91 376 906 
348 459 433 907 
348 355 908 
348 270 130 909 
348 742 512 910 
348 948 911 
348 459 433 912 
348 278 546 135 913 
348 914 
348 649 297 915 
348 914 542 916 
348 270 91 895 917 
348 278 621 918 
348 278 226 981 919 
348 947 951 920 
348 278 226 510 921 
348 649 922 
348 270 923 
348 270 807 924 
348 607 96 642 925 
348 742 926 
348 355 58 40 927 
348 355 460 406 928 
348 608 929 
348 742 930 
348 649 234 931 
348 278 663 932 
348 947 589 933 
348 607 96 934 
348 459 433 935 
348 655 936 
348 270 493 937 
348 948 958 938 
348 655 310 939 
348 655 230 940 
348 270 130 349 941 
348 608 995 942 
348 459 943 
348 704 257 944 
348 649 234 945 
348 355 229 946 
348 947 
348 948 
348 355 781 949 
348 783 849 950 
348 947 951 
348 607 894 952 
348 459 718 673 953 
348 270 824 316 954 
348 355 58 29 955 
348 607 96 956 
348 742 930 957 
348 948 958 
348 783 603 959 
348 948 960 
348 355 323 961 
348 783 787 962 
348 270 347 963 
348 355 616 964 
348 278 1 965 
348 278 663 419 966 
348 655 936 967 
348 649 922 968 
348 355 246 969 
348 649 14 970 
348 783 971 
348 607 870 972 
348 270 91 121 973 
348 608 995 974 
348 947 377 975 
348 459 718 976 
348 270 130 508 977 
348 270 91 376 978 
348 649 298 269 979 
348 270 91 883 980 
348 278 226 981 
348 270 824 617 982 
348 655 983 
348 270 824 222 984 
348 270 130 541 985 
348 655 230 986 
348 607 191 900 987 
348 270 130 988 
348 655 989 
348 608 95 990 
348 270 493 991 
348 914 542 916 992 
348 742 930 993 
348 270 994 
348 608 995 
348 742 926 996 
348 704 997 
348 355 229 998 
348 655 547 999 
348 608 265 1000 
