600 66 2 1 
600 66 2 
600 492 858 3 
600 66 2 4 
600 25 137 835 5 
600 492 350 6 
600 25 826 194 7 
600 276 207 8 
600 25 18 13 9 
600 36 14 10 
600 276 246 11 
600 276 331 12 
600 25 18 13 
600 36 14 
600 66 2 15 
600 25 137 486 16 
600 25 284 17 
600 25 18 
600 708 19 
600 708 19 20 
600 36 476 21 
600 25 137 725 22 
600 36 14 23 
600 25 34 28 24 
600 25 
600 25 18 209 26 
600 66 52 27 
600 25 34 28 
600 36 421 29 
600 492 30 
600 25 34 31 
600 25 779 953 32 
600 25 922 33 
600 25 34 
600 276 331 35 
600 36 
600 25 137 239 37 
600 25 18 13 38 
600 25 284 39 
600 492 591 40 
600 36 578 41 
600 651 914 42 
600 834 75 43 
600 276 207 44 
600 25 18 45 
600 651 742 46 
600 25 285 59 47 
600 834 75 48 
600 25 779 953 49 
600 25 284 17 50 
600 36 133 156 51 
600 66 52 
600 25 285 53 
600 25 285 53 54 
600 25 137 809 55 
600 25 137 809 56 
600 25 285 481 57 
600 492 350 58 
600 25 285 59 
600 25 185 274 60 
600 25 137 486 16 61 
600 25 62 
600 25 18 13 63 
600 25 445 386 64 
600 36 421 65 
600 66 
600 276 207 67 
600 25 826 68 
600 66 2 69 
600 25 605 70 
600 25 826 71 
600 568 136 72 
600 568 617 73 
600 36 255 172 74 
600 834 75 
600 568 930 843 76 
600 492 295 77 
600 25 137 267 78 
600 25 137 239 79 
600 25 18 220 80 
600 276 407 81 
600 25 185 630 82 
600 66 2 83 
600 25 62 880 84 
600 25 123 85 
600 834 169 86 
600 492 87 
600 834 196 88 
600 276 978 89 
600 651 491 90 
600 25 123 342 91 
600 25 18 209 92 
600 25 34 93 
600 276 670 94 
600 25 922 151 95 
600 276 670 96 
600 36 578 97 
600 36 183 98 
600 834 961 99 
600 36 231 100 
600 25 123 342 101 
600 25 284 102 
600 568 617 103 
600 25 123 164 104 
600 25 779 206 105 
600 492 295 106 
600 36 627 107 
600 25 18 220 108 
600 66 647 109 
600 36 14 110 
600 492 659 111 
600 276 784 112 
600 36 231 113 
600 276 856 114 
600 66 195 115 
600 66 392 116 
600 36 14 117 
600 492 87 118 
600 568 136 119 
600 651 491 120 
600 66 328 121 
600 36 579 882 122 
600 25 123 
600 25 62 384 124 
600 834 75 125 
600 25 922 193 126 
600 25 62 127 
600 25 123 451 128 
600 25 34 129 
600 36 14 130 
600 66 52 131 
600 25 445 478 132 
600 36 133 
600 25 185 134 
600 36 579 985 135 
600 568 136 
600 25 137 
600 66 392 138 
600 651 530 139 
600 36 578 97 140 
600 25 123 581 141 
600 834 75 142 
600 66 245 143 
600 492 295 144 
600 36 579 145 
600 276 246 146 
600 25 922 444 147 
600 25 922 734 148 
600 36 14 221 149 
600 492 30 150 
600 25 922 151 
600 25 62 572 152 
600 36 133 156 153 
600 25 34 31 154 
600 25 123 155 
600 36 133 156 
600 651 484 157 
600 651 582 158 
600 25 34 529 159 
600 834 205 160 
600 36 578 161 
600 36 579 211 162 
600 25 779 427 163 
600 25 123 164 
600 25 34 93 165 
600 492 295 166 
600 36 231 860 167 
600 492 591 168 
600 834 169 
600 25 137 586 170 
600 66 392 171 
600 36 255 172 
600 66 647 173 
600 651 484 174 
600 25 62 880 175 
600 25 123 176 
600 834 462 886 177 
600 25 137 239 178 
600 492 87 179 
600 568 136 180 
600 25 34 129 181 
600 276 182 
600 36 183 
600 25 284 184 
600 25 185 
600 25 34 537 186 
600 25 18 45 187 
600 276 670 188 
600 708 250 189 
600 66 245 190 
600 834 462 191 
600 834 169 192 
600 25 922 193 
600 25 826 194 
600 66 195 
600 834 196 
600 36 231 197 
600 36 255 198 
600 66 944 199 
600 834 393 200 
600 492 659 201 
600 25 922 734 202 
600 25 18 831 203 
600 66 52 204 
600 834 205 
600 25 779 206 
600 276 207 
600 834 359 208 
600 25 18 209 
600 25 779 293 210 
600 36 579 211 
600 25 137 267 212 
600 276 356 213 
600 276 978 214 
600 708 286 215 
600 66 52 216 
600 834 782 217 
600 36 773 218 
600 25 123 164 219 
600 25 18 220 
600 36 14 221 
600 25 605 228 222 
600 276 246 223 
600 568 930 224 
600 834 360 225 
600 25 62 511 226 
600 25 123 85 227 
600 25 605 228 
600 25 605 845 229 
600 276 207 230 
600 36 231 
600 568 617 232 
600 651 484 233 
600 25 137 389 234 
600 36 133 235 
600 834 782 236 
600 276 356 237 
600 25 185 238 
600 25 137 239 
600 25 605 70 240 
600 66 52 241 
600 36 421 336 242 
600 25 605 243 
600 834 973 244 
600 66 245 
600 276 246 
600 834 277 247 
600 25 34 590 248 
600 25 137 267 249 
600 708 250 
600 25 123 164 251 
600 651 484 252 
600 25 18 209 253 
600 276 856 254 
600 36 255 
600 25 34 93 256 
600 276 712 257 
600 276 246 258 
600 492 591 259 
600 25 284 315 260 
600 708 286 261 
600 25 62 572 262 
600 36 773 218 263 
600 36 133 264 
600 25 605 243 265 
600 568 526 266 
600 25 137 267 
600 708 534 268 
600 708 19 269 
600 492 270 
600 66 616 271 
600 25 137 486 272 
600 25 34 93 273 
600 25 185 274 
600 834 360 275 
600 276 
600 834 277 
600 36 773 465 278 
600 25 285 279 
600 36 476 458 280 
600 276 356 281 
600 25 137 282 
600 276 712 283 
600 25 284 
600 25 285 
600 708 286 
600 25 18 287 
600 66 2 358 288 
600 25 284 525 289 
600 25 62 681 290 
600 276 784 291 
600 36 773 570 292 
600 25 779 293 
600 25 445 478 294 
600 492 295 
600 25 296 
600 36 255 297 
600 25 285 366 298 
600 36 773 943 299 
600 36 574 300 
600 276 356 301 
600 36 627 302 
600 25 779 427 303 
600 25 123 164 304 
600 25 296 945 305 
600 708 306 
600 25 18 527 307 
600 36 183 308 
600 568 136 309 
600 834 387 310 
600 66 328 311 
600 25 123 325 312 
600 66 2 795 313 
600 36 183 314 
600 25 284 315 
600 25 779 953 316 
600 25 826 593 317 
600 25 34 537 318 
600 25 284 315 319 
600 276 670 790 320 
600 66 328 321 
600 66 2 322 
600 36 579 323 
600 708 306 324 
600 25 123 325 
600 25 123 581 326 
600 25 296 327 
600 66 328 
600 25 123 329 
600 492 659 330 
600 276 331 
600 25 137 267 332 
600 25 18 346 333 
600 25 34 537 334 
600 36 231 341 335 
600 36 421 336 
600 708 306 337 
600 651 582 338 
600 36 578 97 339 
600 834 360 340 
600 36 231 341 
600 25 123 342 
600 25 18 831 343 
600 25 34 28 344 
600 568 526 345 
600 25 18 346 
600 834 196 347 
600 36 627 302 348 
600 276 331 349 
600 492 350 
600 66 52 351 
600 25 185 274 352 
600 36 578 353 
600 834 387 354 
600 276 670 355 
600 276 356 
600 276 182 357 
600 66 2 358 
600 834 359 
600 834 360 
600 66 2 361 
600 492 30 362 
600 36 574 452 363 
600 708 250 364 
600 66 647 365 
600 25 285 366 
600 36 773 404 367 
600 36 14 221 368 
600 25 922 369 
600 25 137 239 370 
600 25 285 371 
600 36 133 372 
600 276 207 44 373 
600 276 407 374 
600 25 18 209 375 
600 25 18 425 376 
600 25 285 768 377 
600 25 18 346 378 
600 66 195 379 
600 25 123 380 
600 568 738 381 
600 25 826 382 
600 25 62 127 383 
600 25 62 384 
600 276 712 385 
600 25 445 386 
600 834 387 
600 276 182 388 
600 25 137 389 
600 651 582 390 
600 66 245 483 391 
600 66 392 
600 834 393 
600 66 647 394 
600 276 743 395 
600 36 929 396 
600 25 826 194 397 
600 66 245 398 
600 492 270 399 
600 276 207 400 
600 25 185 630 401 
600 25 922 193 402 
600 36 421 403 
600 36 773 404 
600 25 285 53 405 
600 36 231 100 406 
600 276 407 
600 36 929 408 
600 66 392 171 409 
600 36 574 452 410 
600 276 670 411 
600 25 296 412 
600 276 978 413 
600 708 306 414 
600 276 356 740 415 
600 25 284 525 416 
600 36 255 417 
600 25 185 134 418 
600 36 928 419 
600 492 87 420 
600 36 421 
600 834 359 422 
600 276 356 423 
600 568 930 424 
600 25 18 425 
600 36 476 919 426 
600 25 779 427 
600 36 183 428 
600 36 574 429 
600 834 393 430 
600 66 328 431 
600 66 328 432 
600 708 433 
600 276 407 434 
600 36 183 98 435 
600 25 137 389 436 
600 25 284 17 437 
600 25 18 831 438 
600 568 526 439 
600 834 196 440 
600 276 978 441 
600 36 574 442 
600 25 826 382 443 
600 25 922 444 
600 25 445 
600 25 137 389 446 
600 276 978 447 
600 834 462 448 
600 36 421 449 
600 36 231 450 
600 25 123 451 
600 36 574 452 
600 568 617 453 
600 25 284 454 
600 651 742 455 
600 25 605 989 456 
600 25 185 630 457 
600 36 476 458 
600 36 574 452 459 
600 276 356 460 
600 66 656 699 461 
600 834 462 
600 492 463 
600 66 647 464 
600 36 773 465 
600 25 34 28 466 
600 25 445 467 
600 25 123 342 468 
600 834 462 469 
600 36 929 408 470 
600 25 285 471 
600 25 137 835 472 
600 651 473 
600 36 578 633 474 
600 708 433 475 
600 36 476 
600 36 183 477 
600 25 445 478 
600 25 34 31 479 
600 651 484 480 
600 25 285 481 
600 25 34 31 482 
600 66 245 483 
600 651 484 
600 25 285 485 
600 25 137 486 
600 25 34 537 487 
600 25 284 867 488 
600 36 579 489 
600 66 392 490 
600 651 491 
600 492 
600 276 407 524 493 
600 25 826 931 494 
600 25 18 679 495 
600 708 864 496 
600 651 473 548 497 
600 36 133 704 498 
600 36 773 218 499 
600 492 858 500 
600 25 185 501 
600 568 930 502 
600 25 18 13 503 
600 25 285 648 504 
600 36 574 563 505 
600 492 87 506 
600 25 18 507 
600 25 62 511 508 
600 36 578 713 509 
600 25 34 129 510 
600 25 62 511 
600 25 62 854 512 
600 66 195 115 513 
600 568 136 514 
600 25 62 772 515 
600 36 476 729 516 
600 25 445 386 517 
600 66 647 518 
600 708 286 621 519 
600 25 284 520 
600 492 659 521 
600 276 207 774 522 
600 36 574 523 
600 276 407 524 
600 25 284 525 
600 568 526 
600 25 18 527 
600 834 169 528 
600 25 34 529 
600 651 530 
600 25 137 486 531 
600 66 392 532 
600 834 277 533 
600 708 534 
600 25 34 93 535 
600 708 306 536 
600 25 34 537 
600 651 582 538 
600 25 62 880 539 
600 66 647 540 
600 25 605 863 541 
600 492 463 542 
600 36 476 543 
600 25 779 544 
600 834 205 545 
600 651 473 622 546 
600 25 284 547 
600 651 473 548 
600 36 579 549 
600 25 185 501 550 
600 276 856 551 
600 276 856 552 
600 66 944 553 
600 708 286 554 
600 36 578 633 555 
600 276 978 556 
600 25 185 557 
600 708 864 558 
600 708 286 559 
600 25 922 560 
600 276 182 561 
600 708 433 562 
600 36 574 563 
600 276 856 564 
600 25 779 427 565 
600 66 392 566 
600 25 137 725 567 
600 568 
600 66 647 569 
600 36 773 570 
600 25 34 590 571 
600 25 62 572 
600 276 331 573 
600 36 574 
600 492 350 575 
600 36 929 576 
600 708 306 577 
600 36 578 
600 36 579 
600 568 136 580 
600 25 123 581 
600 651 582 
600 25 62 127 583 
600 25 296 584 
600 36 773 585 
600 25 137 586 
600 36 133 264 587 
600 36 255 417 588 
600 492 463 589 
600 25 34 590 
600 492 591 
600 25 137 801 592 
600 25 826 593 
600 276 407 524 594 
600 36 255 198 595 
600 25 62 880 596 
600 568 930 597 
600 66 656 598 
600 25 137 801 599 
600 
600 25 62 572 601 
600 25 18 679 602 
600 25 62 127 603 
600 66 616 604 
600 25 605 
600 651 582 606 
600 36 578 633 607 
600 276 182 608 
600 36 476 609 
600 492 858 610 
600 25 34 129 611 
600 66 392 566 612 
600 66 245 613 
600 36 14 614 
600 25 34 529 615 
600 66 616 
600 568 617 
600 25 123 329 618 
600 25 922 444 619 
600 36 14 620 
600 708 286 621 
600 651 473 622 
600 492 659 330 623 
600 25 137 809 624 
600 25 34 537 625 
600 25 445 478 626 
600 36 627 
600 276 356 628 
600 276 207 629 
600 25 185 630 
600 66 52 631 
600 276 670 632 
600 36 578 633 
600 492 87 634 
600 66 616 635 
600 708 306 636 
600 651 582 637 
600 66 2 638 
600 36 133 156 639 
600 36 574 721 640 
600 708 306 641 
600 834 196 642 
600 834 277 643 
600 25 18 831 644 
600 36 421 645 
600 36 231 341 646 
600 66 647 
600 25 285 648 
600 25 605 748 649 
600 66 195 650 
600 651 
600 66 392 736 652 
600 36 579 653 
600 834 360 654 
600 708 306 655 
600 66 656 
600 25 285 768 657 
600 25 826 955 658 
600 492 659 
600 25 34 28 660 
600 25 123 380 661 
600 25 185 557 662 
600 834 387 663 
600 36 929 664 
600 25 18 209 665 
600 36 133 666 
600 25 826 667 
600 25 605 228 668 
600 492 463 669 
600 276 670 
600 25 284 454 671 
600 66 328 672 
600 36 928 673 
600 25 285 674 
600 25 285 648 675 
600 25 285 366 676 
600 36 574 452 677 
600 25 826 71 678 
600 25 18 679 
600 276 207 680 
600 25 62 681 
600 25 137 586 682 
600 276 978 683 
600 36 627 868 684 
600 25 123 380 685 
600 36 231 686 
600 708 306 687 
600 25 445 857 688 
600 492 591 689 
600 25 137 486 690 
600 492 463 691 
600 276 356 213 692 
600 25 185 630 693 
600 25 826 71 694 
600 25 284 695 
600 36 14 620 696 
600 834 359 697 
600 492 858 698 
600 66 656 699 
600 25 137 835 700 
600 25 922 369 701 
600 651 491 702 
600 36 773 703 
600 36 133 704 
600 834 387 705 
600 66 392 706 
600 25 62 854 707 
600 708 
600 834 277 709 
600 651 914 710 
600 66 616 711 
600 276 712 
600 36 578 713 
600 36 627 714 
600 25 285 371 715 
600 36 773 716 
600 36 183 717 
600 36 773 703 718 
600 36 579 719 
600 708 250 720 
600 36 574 721 
600 36 231 341 722 
600 708 433 723 
600 36 255 724 
600 25 137 725 
600 25 18 831 726 
600 492 591 727 
600 25 285 59 728 
600 36 476 729 
600 25 605 228 730 
600 834 393 731 
600 25 34 28 732 
600 36 183 952 733 
600 25 922 734 
600 25 34 129 735 
600 66 392 736 
600 25 296 412 737 
600 568 738 
600 25 34 129 739 
600 276 356 740 
600 25 34 529 741 
600 651 742 
600 276 743 
600 36 255 417 744 
600 36 133 745 
600 66 944 746 
600 36 579 747 
600 25 605 748 
600 25 284 749 
600 25 62 880 750 
600 36 578 968 751 
600 25 34 529 752 
600 834 387 753 
600 25 137 809 754 
600 25 605 243 755 
600 834 387 756 
600 276 407 757 
600 25 922 758 
600 25 123 872 759 
600 66 2 322 760 
600 651 853 761 
600 25 123 164 762 
600 276 670 411 763 
600 276 356 764 
600 66 328 765 
600 276 670 766 
600 66 52 767 
600 25 285 768 
600 651 473 769 
600 276 670 770 
600 492 87 506 771 
600 25 62 772 
600 36 773 
600 276 207 774 
600 36 773 775 
600 25 123 380 776 
600 25 779 206 777 
600 25 34 129 778 
600 25 779 
600 834 387 780 
600 25 284 695 781 
600 834 782 
600 651 742 783 
600 276 784 
600 276 246 785 
600 276 784 786 
600 25 34 129 787 
600 492 858 788 
600 708 286 789 
600 276 670 790 
600 36 929 396 791 
600 25 285 471 792 
600 66 2 793 
600 492 591 794 
600 66 2 795 
600 568 136 796 
600 25 445 797 
600 25 62 384 798 
600 492 659 799 
600 276 856 800 
600 25 137 801 
600 276 712 802 
600 492 270 803 
600 25 123 581 804 
600 66 245 805 
600 708 306 806 
600 25 284 315 807 
600 25 826 808 
600 25 137 809 
600 36 421 810 
600 36 773 404 811 
600 36 928 812 
600 25 34 590 813 
600 492 270 814 
600 36 928 815 
600 66 245 816 
600 651 530 817 
600 36 421 818 
600 708 286 819 
600 492 87 820 
600 834 360 821 
600 25 779 427 822 
600 25 62 127 823 
600 25 185 238 824 
600 25 922 825 
600 25 826 
600 36 421 645 827 
600 25 62 772 828 
600 568 738 829 
600 568 526 266 830 
600 25 18 831 
600 25 62 880 832 
600 834 393 833 
600 834 
600 25 137 835 
600 25 62 127 836 
600 25 18 209 837 
600 834 205 838 
600 25 137 586 839 
600 66 195 840 
600 25 605 845 841 
600 708 433 842 
600 568 930 843 
600 25 34 129 844 
600 25 605 845 
600 36 578 161 846 
600 25 18 220 847 
600 708 286 848 
600 276 182 849 
600 651 853 850 
600 25 284 17 851 
600 651 530 852 
600 651 853 
600 25 62 854 
600 36 421 979 855 
600 276 856 
600 25 445 857 
600 492 858 
600 492 858 859 
600 36 231 860 
600 834 196 861 
600 25 123 872 862 
600 25 605 863 
600 708 864 
600 492 350 865 
600 276 207 866 
600 25 284 867 
600 36 627 868 
600 651 473 869 
600 25 445 478 870 
600 25 137 809 871 
600 25 123 872 
600 36 773 873 
600 36 773 874 
600 25 922 734 875 
600 25 62 772 876 
600 66 647 173 877 
600 276 856 878 
600 66 616 879 
600 25 62 880 
600 708 286 881 
600 36 579 882 
600 276 246 883 
600 651 582 884 
600 36 255 911 885 
600 834 462 886 
600 834 462 887 
600 25 62 854 888 
600 834 782 889 
600 492 270 890 
600 708 864 891 
600 834 462 892 
600 25 296 893 
600 25 922 758 894 
600 25 123 85 895 
600 708 534 896 
600 25 284 184 897 
600 66 647 937 898 
600 834 205 899 
600 25 185 274 900 
600 66 328 901 
600 36 133 235 902 
600 25 123 176 903 
600 36 255 172 904 
600 66 647 905 
600 25 62 880 906 
600 36 231 907 
600 25 18 346 908 
600 568 136 909 
600 276 207 910 
600 36 255 911 
600 66 328 912 
600 651 853 913 
600 651 914 
600 25 18 915 
600 36 578 916 
600 25 137 725 917 
600 25 185 134 918 
600 36 476 919 
600 25 123 342 920 
600 25 123 155 921 
600 25 922 
600 36 14 923 
600 25 34 590 924 
600 25 62 854 925 
600 66 52 926 
600 25 18 527 927 
600 36 928 
600 36 929 
600 568 930 
600 25 826 931 
600 276 670 932 
600 36 476 729 933 
600 25 296 934 
600 25 62 127 935 
600 25 123 329 936 
600 66 647 937 
600 66 52 938 
600 36 255 993 939 
600 25 445 467 940 
600 834 387 941 
600 492 591 942 
600 36 773 943 
600 66 944 
600 25 296 945 
600 25 285 471 946 
600 568 526 947 
600 36 183 428 948 
600 492 270 949 
600 36 14 221 950 
600 25 922 825 951 
600 36 183 952 
600 25 779 953 
600 25 285 279 954 
600 25 826 955 
600 25 285 956 
600 834 961 957 
600 36 133 704 958 
600 25 779 427 959 
600 36 183 308 960 
600 834 961 
600 66 2 962 
600 25 18 13 963 
600 36 579 882 964 
600 36 255 172 965 
600 276 407 966 
-1
600 36 578 968 
600 568 930 969 
600 25 922 193 970 
600 66 195 650 971 
600 66 328 912 972 
600 834 973 
600 66 2 974 
600 25 137 586 975 
600 66 328 976 
600 66 328 672 977 
600 276 978 
600 36 421 979 
600 651 853 980 
600 66 52 981 
600 36 627 107 982 
600 25 34 31 983 
600 276 407 984 
600 36 579 985 
600 25 123 164 986 
600 25 137 987 
600 492 659 988 
600 25 605 989 
600 66 328 990 
600 25 18 679 991 
600 568 136 992 
600 36 255 993 
600 25 62 772 994 
600 651 853 995 
600 492 295 996 
600 492 463 997 
600 66 195 115 998 
600 708 864 999 
600 36 578 353 1000 
