221 76 518 16 1 
221 128 8 2 
221 591 200 3 
221 128 325 4 
221 765 39 5 
221 128 74 6 
221 76 624 205 7 
221 128 8 
221 76 491 124 9 
221 76 491 124 10 
221 966 11 
221 76 869 770 12 
221 128 921 13 
221 76 85 191 14 
221 269 273 661 15 
221 76 518 16 
221 966 17 
221 76 65 106 18 
221 966 17 19 
221 76 609 26 20 
221 76 308 138 21 
221 765 301 22 
221 966 23 
221 76 448 24 
221 76 65 215 25 
221 76 609 26 
221 76 308 27 
221 76 85 28 
221 76 869 944 29 
221 76 85 706 30 
221 76 601 31 
221 76 65 171 32 
221 128 8 863 33 
221 128 931 34 
221 128 325 4 35 
221 128 926 377 36 
221 128 325 4 37 
221 76 869 944 38 
221 765 39 
221 128 325 40 
221 76 518 772 41 
221 76 65 42 
221 76 491 60 43 
221 76 869 202 44 
221 76 601 31 45 
221 76 518 16 46 
221 128 74 47 
221 76 308 549 48 
221 765 39 49 
221 76 369 336 50 
221 76 624 271 51 
221 966 17 52 
221 966 53 
221 591 413 249 54 
221 76 624 205 55 
221 269 625 56 
221 966 17 57 
221 128 835 58 
221 128 8 2 59 
221 76 491 60 
221 966 122 61 
221 504 490 62 
221 966 63 
221 504 378 824 64 
221 76 65 
221 76 65 42 66 
221 128 439 67 
221 128 183 476 68 
221 76 85 28 69 
221 966 63 70 
221 76 491 71 
221 504 914 72 
221 76 869 73 
221 128 74 
221 76 609 337 75 
221 76 
221 591 313 77 
221 765 39 78 
221 76 65 42 79 
221 76 65 821 80 
221 765 301 81 
221 128 183 476 82 
221 504 378 83 
221 591 86 84 
221 76 85 
221 591 86 
221 128 959 968 87 
221 76 369 238 88 
221 76 518 96 89 
221 76 869 90 
221 128 325 91 
221 76 518 16 92 
221 966 17 93 
221 966 23 94 
221 966 63 95 
221 76 518 96 
221 765 39 5 97 
221 76 491 572 98 
221 591 758 645 99 
221 269 625 56 100 
221 76 624 642 101 
221 128 295 102 
221 128 74 103 
221 76 308 123 104 
221 765 993 105 
221 76 65 106 
221 128 926 433 107 
221 128 141 108 
221 966 53 109 
221 128 835 947 110 
221 765 747 111 
221 128 8 112 
221 128 141 113 
221 504 611 114 
221 966 53 115 
221 76 609 746 116 
221 966 53 117 
221 76 448 118 
221 76 366 417 119 
221 504 440 120 
221 76 369 766 121 
221 966 122 
221 76 308 123 
221 76 491 124 
221 76 601 922 125 
221 966 288 126 
221 504 914 127 
221 128 
221 76 869 73 129 
221 76 366 627 130 
221 76 869 648 131 
221 76 85 132 
221 76 999 287 133 
221 76 869 648 134 
221 765 747 135 
221 504 164 136 
221 504 212 137 
221 76 308 138 
221 765 139 
221 76 85 335 140 
221 128 141 
221 76 518 217 142 
221 76 308 603 143 
221 128 439 144 
221 128 8 401 145 
221 76 518 772 146 
221 269 910 147 
221 504 611 148 
221 76 448 24 149 
221 76 491 124 150 
221 76 518 151 
221 128 228 152 
221 128 959 153 
221 76 491 736 154 
221 76 846 829 155 
221 591 413 156 
221 269 273 157 
221 76 448 958 158 
221 76 491 913 159 
221 128 74 160 
221 128 74 103 161 
221 76 65 162 
221 128 74 163 
221 504 164 
221 76 518 96 165 
221 76 998 166 
221 76 308 138 167 
221 76 65 171 168 
221 269 625 428 169 
221 76 601 242 170 
221 76 65 171 
221 504 781 172 
221 76 308 903 173 
221 76 518 96 174 
221 504 490 175 
221 269 506 176 
221 966 177 
221 128 8 178 
221 76 518 96 179 
221 76 65 106 180 
221 504 807 181 
221 504 440 182 
221 128 183 
221 76 601 242 184 
221 966 122 185 
221 128 8 2 186 
221 128 141 187 
221 128 921 188 
221 966 17 189 
221 76 369 190 
221 76 85 191 
221 76 869 192 
221 966 53 193 
221 591 633 194 
221 76 518 870 195 
221 76 491 71 196 
221 966 425 197 
221 128 295 198 
221 128 835 199 
221 591 200 
221 76 601 242 201 
221 76 869 202 
221 128 74 203 
221 76 85 329 204 
221 76 624 205 
221 765 39 206 
221 128 921 13 207 
221 765 820 208 
221 966 425 197 209 
221 504 807 586 210 
221 128 228 211 
221 504 212 
221 591 379 213 
221 966 23 214 
221 76 65 215 
221 128 8 711 216 
221 76 518 217 
221 76 65 218 
221 966 774 219 
221 76 624 271 220 
221 
221 76 491 124 222 
221 76 846 223 
221 269 997 224 
221 76 601 725 225 
221 128 921 702 226 
221 765 589 227 
221 128 228 
221 76 85 335 229 
221 76 308 27 230 
221 76 366 231 
221 128 325 232 
221 128 325 233 
221 76 369 234 
221 128 74 235 
221 504 781 236 
221 76 601 343 237 
221 76 369 238 
221 76 846 239 
221 128 8 711 240 
221 128 921 13 241 
221 76 601 242 
221 76 491 262 243 
221 966 53 109 244 
221 591 633 245 
221 128 295 246 
221 76 491 736 247 
221 76 85 965 248 
221 591 413 249 
221 128 74 674 250 
221 76 369 766 251 
221 76 369 234 252 
221 76 369 766 253 
221 128 921 188 254 
221 76 869 202 255 
221 128 8 414 256 
221 128 141 257 
221 76 366 722 258 
221 591 86 259 
221 76 85 610 260 
221 128 228 646 261 
221 76 491 262 
221 128 228 263 
221 128 74 235 264 
221 76 491 60 265 
221 76 624 773 266 
221 966 63 267 
221 76 369 336 268 
221 269 
221 966 122 270 
221 76 624 271 
221 76 308 422 272 
221 269 273 
221 76 601 390 274 
221 128 931 275 
221 966 63 276 
221 269 484 277 
221 76 491 71 278 
221 76 308 138 279 
221 76 65 218 280 
221 591 909 281 
221 966 17 282 
221 765 301 283 
221 504 440 284 
221 76 518 151 285 
221 76 846 239 286 
221 76 999 287 
221 966 288 
221 76 85 28 289 
221 504 914 290 
221 76 366 291 
221 504 378 292 
221 76 85 28 293 
221 76 308 123 294 
221 128 295 
221 966 17 296 
221 76 491 71 297 
221 128 835 199 298 
221 76 369 190 299 
221 269 997 300 
221 765 301 
221 76 999 302 
221 76 366 231 303 
221 76 366 231 304 
221 765 39 305 
221 128 931 306 
221 128 325 307 
221 76 308 
221 76 369 462 309 
221 128 295 310 
221 765 834 311 
221 765 820 312 
221 591 313 
221 128 325 233 314 
221 966 17 315 
221 76 308 549 316 
221 591 909 317 
221 128 74 318 
221 128 835 319 
221 504 164 634 320 
221 76 601 961 321 
221 76 601 725 322 
221 269 273 323 
221 76 448 24 324 
221 128 325 
221 966 17 326 
221 591 86 963 327 
221 966 53 328 
221 76 85 329 
221 128 921 744 330 
221 128 183 629 331 
221 76 999 332 
221 128 183 333 
221 504 212 334 
221 76 85 335 
221 76 369 336 
221 76 609 337 
221 76 491 262 338 
221 76 85 979 945 339 
221 76 999 340 
221 76 869 648 341 
221 504 781 677 342 
221 76 601 343 
221 76 624 642 344 
221 76 308 903 345 
221 76 65 218 346 
221 76 869 794 347 
221 765 820 348 
221 76 869 794 349 
221 128 835 199 350 
221 76 65 218 351 
221 591 633 352 
221 76 601 725 353 
221 76 624 642 354 
221 76 308 534 355 
221 128 931 356 
221 76 491 71 357 
221 966 53 358 
221 591 200 359 
221 765 834 360 
221 269 484 361 
221 128 74 318 362 
221 76 308 549 363 
221 76 366 417 364 
221 966 288 365 
221 76 366 
221 76 85 329 367 
221 76 601 242 368 
221 76 369 
221 76 448 640 370 
221 966 23 371 
221 128 835 372 
221 76 998 805 373 
221 504 164 374 
221 76 491 60 375 
221 269 506 376 
221 128 926 377 
221 504 378 
221 591 379 
221 76 65 162 380 
221 504 507 381 
-1
221 76 65 42 383 
221 504 164 384 
221 128 74 409 385 
221 128 8 398 386 
221 128 959 387 
221 128 931 34 388 
221 966 122 389 
221 76 601 390 
221 76 366 231 391 
221 76 65 171 392 
221 966 288 393 
221 591 86 952 394 
221 128 228 211 395 
221 76 624 271 396 
221 504 790 397 
221 128 8 398 
221 128 141 739 399 
221 76 65 400 
221 128 8 401 
221 269 484 402 
221 128 835 372 403 
221 966 497 404 
221 269 997 405 
221 76 308 138 406 
221 591 379 407 
221 76 601 823 408 
221 128 74 409 
221 966 23 410 
221 765 834 411 
221 76 85 902 742 412 
221 591 413 
221 128 8 414 
221 504 807 415 
221 591 413 416 
221 76 366 417 
221 591 86 546 418 
221 76 518 16 419 
221 966 177 420 
221 765 993 729 421 
221 76 308 422 
221 76 998 423 
221 128 8 424 
221 966 425 
221 76 65 106 426 
221 76 308 549 427 
221 269 625 428 
221 76 308 422 429 
221 76 601 242 430 
221 966 11 431 
221 765 747 432 
221 128 926 433 
221 76 85 676 434 
221 76 85 335 435 
221 76 869 944 436 
221 76 308 27 437 
221 76 869 944 438 
221 128 439 
221 504 440 
221 128 8 2 441 
221 128 921 442 
221 76 998 628 443 
221 76 518 16 444 
221 591 445 
221 76 624 446 
221 76 999 447 
221 76 448 
221 76 998 449 
221 591 450 
221 765 747 451 
221 591 633 452 
221 76 85 28 453 
221 128 74 698 454 
221 76 491 124 455 
221 591 200 359 456 
221 76 85 28 457 
221 76 65 218 458 
221 76 491 572 459 
221 76 65 460 
221 76 85 335 461 
221 76 369 462 
221 128 835 463 
221 76 624 271 464 
221 76 369 766 465 
221 76 518 151 466 
221 76 518 575 467 
221 128 959 468 
221 591 633 469 
221 128 8 401 470 
221 269 273 471 
221 504 490 472 
221 76 601 922 473 
221 128 8 424 474 
221 76 369 987 475 
221 128 183 476 
221 76 85 132 477 
221 128 835 478 
221 591 313 479 
221 76 65 218 480 
221 269 273 481 
221 504 490 482 
221 591 313 483 
221 269 484 
221 504 212 485 
221 76 609 486 
221 591 413 487 
221 76 869 794 488 
221 76 85 610 489 
221 504 490 
221 76 491 
221 76 846 829 492 
221 76 65 42 493 
221 76 491 124 494 
221 76 846 571 495 
221 128 295 496 
221 966 497 
221 128 74 103 498 
221 504 378 660 499 
221 128 439 500 
221 76 366 417 501 
221 128 926 880 502 
221 591 866 503 
221 504 
221 76 448 118 505 
221 269 506 
221 504 507 
221 76 65 171 508 
221 504 164 509 
221 591 200 510 
221 128 74 163 511 
221 76 491 60 512 
221 128 183 850 513 
221 128 439 514 
221 76 998 166 515 
221 269 484 361 516 
221 966 53 517 
221 76 518 
221 76 518 575 519 
221 591 450 520 
221 128 74 521 
221 76 308 741 522 
221 76 601 961 523 
221 128 325 307 524 
221 76 846 239 525 
221 76 366 417 526 
221 76 601 823 527 
221 504 611 528 
221 76 518 151 529 
221 591 633 530 
221 966 425 531 
221 504 807 814 532 
221 269 997 873 533 
221 76 308 534 
221 76 366 996 535 
221 76 846 239 536 
221 269 506 537 
221 76 369 766 538 
221 76 366 291 539 
221 128 141 540 
221 76 65 106 541 
221 76 308 138 542 
221 591 909 543 
221 76 308 27 544 
221 128 74 318 545 
221 591 86 546 
221 76 846 239 547 
221 76 85 335 140 548 
221 76 308 549 
221 76 999 287 550 
221 765 39 551 
221 128 141 739 552 
221 591 758 553 
221 765 993 554 
221 76 366 417 555 
221 966 53 556 
221 504 490 472 557 
221 765 301 563 558 
221 76 65 821 559 
221 504 507 560 
221 76 308 741 561 
221 269 273 562 
221 765 301 563 
221 76 846 923 564 
221 76 85 706 565 
221 76 609 746 566 
221 504 378 653 567 
221 76 85 979 568 
221 76 518 575 569 
221 765 993 570 
221 76 846 571 
221 76 491 572 
221 765 589 573 
221 765 301 574 
221 76 518 575 
221 765 747 576 
221 76 366 722 577 
221 765 747 578 
221 269 997 579 
221 765 747 580 
221 76 366 996 581 
221 966 122 582 
221 76 491 71 583 
221 76 624 642 584 
221 128 8 585 
221 504 807 586 
221 76 609 26 587 
221 76 846 923 588 
221 765 589 
221 76 846 571 590 
221 591 
221 76 85 979 592 
221 765 993 593 
221 765 139 594 
221 765 301 595 
221 504 212 950 596 
221 76 308 603 597 
221 76 369 238 598 
221 76 308 27 599 
221 966 11 600 
221 76 601 
221 128 295 198 602 
221 76 308 603 
221 765 993 604 
221 504 440 605 
221 76 869 944 606 
221 76 308 123 607 
221 76 65 218 458 608 
221 76 609 
221 76 85 610 
221 504 611 
221 591 866 612 
221 504 490 62 613 
221 76 491 60 614 
221 591 758 615 
221 765 589 616 
221 128 74 949 617 
221 128 835 319 618 
221 591 413 619 
221 76 366 291 620 
221 504 507 621 
221 128 8 863 622 
221 591 379 623 
221 76 624 
221 269 625 
221 966 53 626 
221 76 366 627 
221 76 998 628 
221 128 183 629 
221 765 993 630 
221 269 484 727 631 
221 591 445 632 
221 591 633 
221 504 164 634 
221 128 921 635 
221 128 141 108 636 
221 966 774 219 637 
221 76 65 106 638 
221 76 491 572 639 
221 76 448 640 
221 765 39 641 
221 76 624 642 
221 128 295 310 643 
221 128 959 644 
221 591 758 645 
221 128 228 646 
221 76 518 575 647 
221 76 869 648 
221 128 325 649 
221 966 177 650 
221 128 141 680 651 
221 591 633 652 
221 504 378 653 
221 128 931 654 
221 128 439 907 655 
221 128 439 656 
221 76 601 390 657 
221 591 445 658 
221 966 63 659 
221 504 378 660 
221 269 273 661 
221 128 931 924 662 
221 76 308 534 663 
221 966 53 664 
221 128 141 665 
221 966 53 666 
221 966 63 667 
221 76 609 768 668 
221 966 63 659 669 
221 76 609 887 670 
221 76 65 460 671 
221 128 228 672 
221 504 490 673 
221 128 74 674 
221 76 998 805 675 
221 76 85 676 
221 504 781 677 
221 128 921 635 678 
221 76 369 987 679 
221 128 141 680 
221 76 65 42 681 
221 76 846 223 682 
221 269 273 683 
221 128 325 684 
221 76 518 685 
221 76 65 460 686 
221 76 65 400 687 
221 76 85 972 688 
221 128 295 246 689 
221 76 601 961 690 
221 591 313 691 
221 76 999 692 
221 128 439 67 693 
221 76 85 979 694 
221 76 518 217 695 
221 76 601 242 696 
221 76 998 628 697 
221 128 74 698 
221 76 518 854 699 
221 591 313 483 700 
221 269 273 701 
221 128 921 702 
221 269 910 703 
221 128 926 880 704 
221 591 413 705 
221 76 85 706 
221 128 141 707 
221 76 308 603 708 
221 76 998 423 709 
221 966 497 710 
221 128 8 711 
221 76 624 271 712 
221 76 366 291 713 
221 591 866 714 
221 76 65 215 25 715 
221 504 490 804 716 
221 76 308 138 717 
221 76 448 24 718 
221 76 85 28 719 
221 591 86 720 
221 966 11 721 
221 76 366 722 
221 76 369 462 723 
221 128 141 798 724 
221 76 601 725 
221 128 835 726 
221 269 484 727 
221 76 518 685 728 
221 765 993 729 
221 591 413 730 
221 128 74 47 731 
221 765 301 732 
221 591 413 733 
221 128 141 734 
221 128 835 463 735 
221 76 491 736 
221 504 378 737 
221 591 313 738 
221 128 141 739 
221 765 747 740 
221 76 308 741 
221 76 85 902 742 
221 765 301 743 
221 128 921 744 
221 76 308 27 745 
221 76 609 746 
221 765 747 
221 76 609 337 748 
221 128 8 398 749 
221 76 609 887 750 
221 966 288 751 
221 504 781 752 
221 765 820 753 
221 76 65 821 754 
221 128 74 160 755 
221 76 65 215 756 
221 76 448 757 
221 591 758 
221 76 85 191 759 
221 128 8 424 760 
221 591 866 761 
221 504 807 814 762 
221 76 85 902 763 
221 504 807 764 
221 765 
221 76 369 766 
221 76 491 913 767 
221 76 609 768 
221 966 17 52 769 
221 76 869 770 
221 76 308 27 771 
221 76 518 772 
221 76 624 773 
221 966 774 
221 504 781 775 
221 966 425 776 
221 76 308 138 777 
221 76 601 725 778 
221 966 11 779 
221 504 378 780 
221 504 781 
221 76 998 782 
221 76 65 42 783 
221 76 369 336 784 
221 76 85 132 785 
221 76 869 770 786 
221 504 790 787 
221 966 177 788 
221 76 448 640 789 
221 504 790 
221 591 413 885 791 
221 128 8 112 792 
221 966 63 793 
221 76 869 794 
221 765 747 795 
221 765 139 796 
221 76 85 965 797 
221 128 141 798 
221 591 445 799 
221 76 624 773 800 
221 76 518 16 801 
221 76 369 987 802 
221 128 959 153 803 
221 504 490 804 
221 76 998 805 
221 591 313 806 
221 504 807 
221 76 65 162 808 
221 504 611 809 
221 76 609 746 810 
221 76 369 987 811 
221 128 959 644 812 
221 76 998 813 
221 504 807 814 
221 76 846 223 815 
221 591 866 816 
221 76 601 725 817 
221 76 601 343 818 
221 76 491 572 819 
221 765 820 
221 76 65 821 
221 765 993 822 
221 76 601 823 
221 504 378 824 
221 76 65 821 825 
221 76 308 603 826 
221 591 86 827 
221 76 491 60 828 
221 76 846 829 
221 128 74 698 830 
221 591 633 352 831 
221 591 758 832 
221 269 506 176 833 
221 765 834 
221 128 835 
221 76 85 706 836 
221 128 325 837 
221 504 164 838 
221 504 781 994 839 
221 128 74 409 840 
221 76 601 823 841 
221 76 85 329 842 
221 76 369 766 843 
221 76 308 138 717 844 
221 76 846 896 845 
221 76 846 
221 966 288 847 
221 76 999 848 
221 76 609 851 849 
221 128 183 850 
221 76 609 851 
221 76 65 42 852 
221 76 85 706 853 
221 76 518 854 
221 128 835 199 855 
221 966 63 856 
221 76 85 902 857 
221 76 448 118 858 
221 128 8 711 859 
221 591 633 469 860 
221 76 448 24 861 
221 76 869 648 862 
221 128 8 863 
221 269 625 971 864 
221 128 8 178 865 
221 591 866 
221 591 450 867 
221 76 491 124 868 
221 76 869 
221 76 518 870 
221 76 846 223 871 
221 966 53 872 
221 269 997 873 
221 76 369 766 874 
221 128 325 684 875 
221 76 601 725 876 
221 76 85 28 69 877 
221 76 491 71 878 
221 591 758 879 
221 128 926 880 
221 76 369 190 881 
221 76 448 958 882 
221 504 611 883 
221 504 790 884 
221 591 413 885 
221 128 931 654 886 
221 76 609 887 
221 591 909 888 
221 269 273 471 889 
221 76 369 336 890 
221 76 85 706 891 
221 76 65 42 383 892 
221 76 518 854 893 
221 591 758 894 
221 128 228 895 
221 76 846 896 
221 128 74 203 897 
221 76 601 343 898 
221 76 308 27 899 
221 76 491 60 900 
221 591 450 901 
221 76 85 902 
221 76 308 903 
221 128 141 665 904 
221 76 65 42 905 
221 128 931 356 906 
221 128 439 907 
221 504 507 908 
221 591 909 
221 269 910 
221 504 490 911 
221 76 308 27 912 
221 76 491 913 
221 504 914 
221 269 625 915 
221 591 413 916 
221 591 445 917 
221 269 484 277 918 
221 504 378 292 919 
221 504 490 960 920 
221 128 921 
221 76 601 922 
221 76 846 923 
221 128 931 924 
221 76 366 417 925 
221 128 926 
221 504 490 175 927 
221 504 790 928 
221 76 999 287 929 
221 128 8 930 
221 128 931 
221 76 85 965 797 932 
221 269 910 933 
221 765 747 934 
221 128 183 935 
221 76 65 400 936 
221 128 921 937 
221 128 926 880 938 
221 76 601 242 939 
221 76 491 572 940 
221 76 85 610 941 
221 76 998 423 942 
221 128 8 178 943 
221 76 869 944 
221 76 85 979 945 
221 76 65 218 351 946 
221 128 835 947 
221 128 228 948 
221 128 74 949 
221 504 212 950 
221 966 497 951 
221 591 86 952 
221 591 200 510 953 
221 504 807 954 
221 765 301 595 955 
221 76 308 549 956 
221 128 141 957 
221 76 448 958 
221 128 959 
221 504 490 960 
221 76 601 961 
221 128 931 962 
221 591 86 963 
221 966 964 
221 76 85 965 
221 966 
221 128 325 233 967 
221 128 959 968 
221 76 601 343 969 
221 76 609 746 970 
221 269 625 971 
221 76 85 972 
221 76 846 239 973 
221 76 518 575 974 
221 966 23 975 
221 76 85 329 976 
221 504 914 977 
221 765 834 978 
221 76 85 979 
221 76 846 829 980 
221 128 835 981 
221 966 11 982 
221 76 448 640 983 
221 76 85 28 984 
221 76 85 191 985 
221 76 85 965 986 
221 76 369 987 
221 269 273 988 
221 128 141 734 989 
221 966 774 990 
221 76 448 757 991 
221 76 869 794 992 
221 765 993 
221 504 781 994 
221 591 866 995 
221 76 366 996 
221 269 997 
221 76 998 
221 76 999 
221 128 959 1000 
